0 0.460938 0.521484 0.046875 0.046875
0 0.513672 0.541016 0.046875 0.046875
0 0.449219 0.550781 0.046875 0.046875
0 0.523438 0.574219 0.046875 0.046875
0 0.541016 0.605469 0.046875 0.046875
0 0.601562 0.652344 0.046875 0.046875
0 0.619141 0.611328 0.046875 0.046875
0 0.578125 0.607422 0.046875 0.046875
0 0.660156 0.644531 0.046875 0.046875
0 0.716797 0.599609 0.046875 0.046875
0 0.736328 0.628906 0.046875 0.046875
0 0.736328 0.681641 0.046875 0.046875
0 0.929688 0.787109 0.046875 0.046875
0 0.987305 0.759766 0.025391 0.046875
0 0.902344 0.744141 0.046875 0.046875
0 0.867188 0.714844 0.046875 0.046875
0 0.884766 0.685547 0.046875 0.046875
0 0.892578 0.652344 0.046875 0.046875
0 0.818359 0.666016 0.046875 0.046875
0 0.949219 0.660156 0.046875 0.046875
0 0.921875 0.699219 0.046875 0.046875
0 0.962891 0.697266 0.046875 0.046875