0 0.230469 0.890625 0.046875 0.046875
0 0.257812 0.921875 0.046875 0.046875
0 0.294922 0.908203 0.046875 0.046875
0 0.240234 0.960938 0.046875 0.046875
0 0.335938 0.947266 0.046875 0.046875
0 0.291016 0.841797 0.046875 0.046875
0 0.343750 0.839844 0.046875 0.046875
0 0.349609 0.785156 0.046875 0.046875
0 0.416016 0.744141 0.046875 0.046875
0 0.449219 0.730469 0.046875 0.046875
0 0.457031 0.677734 0.046875 0.046875
0 0.474609 0.648438 0.046875 0.046875
0 0.451172 0.777344 0.046875 0.046875
0 0.490234 0.792969 0.046875 0.046875
0 0.568359 0.814453 0.046875 0.046875
0 0.552734 0.851562 0.046875 0.046875
0 0.507812 0.859375 0.046875 0.046875
0 0.462891 0.898438 0.046875 0.046875
0 0.435547 0.867188 0.046875 0.046875
0 0.443359 0.935547 0.046875 0.046875
0 0.361328 0.876953 0.046875 0.046875
0 0.375000 0.902344 0.046875 0.046875
0 0.380859 0.804688 0.046875 0.046875
0 0.679688 0.634766 0.046875 0.046875
0 0.847656 0.646484 0.046875 0.046875
0 0.439453 0.822266 0.046875 0.046875
0 0.468750 0.845703 0.046875 0.046875
0 0.419922 0.841797 0.046875 0.046875
0 0.330078 0.716797 0.046875 0.046875