0 0.865234 0.986328 0.046875 0.027344
0 0.773438 0.970703 0.046875 0.046875
0 0.789062 0.900391 0.046875 0.046875
0 0.865234 0.894531 0.046875 0.046875
0 0.816406 0.845703 0.046875 0.046875
0 0.808594 0.777344 0.046875 0.046875
0 0.666016 0.535156 0.046875 0.046875
0 0.730469 0.683594 0.046875 0.046875
0 0.765625 0.734375 0.046875 0.046875
0 0.730469 0.757812 0.046875 0.046875
0 0.685547 0.832031 0.046875 0.046875
0 0.730469 0.810547 0.046875 0.046875
0 0.740234 0.578125 0.046875 0.046875
0 0.636719 0.681641 0.046875 0.046875
0 0.531250 0.515625 0.046875 0.046875
0 0.570312 0.599609 0.046875 0.046875
0 0.722656 0.509766 0.046875 0.046875
0 0.583984 0.511719 0.046875 0.046875
0 0.660156 0.595703 0.046875 0.046875
0 0.898438 0.953125 0.046875 0.046875