0 0.013672 0.230469 0.027344 0.031250
0 0.031250 0.193359 0.031250 0.031250
0 0.009766 0.414062 0.019531 0.031250
0 0.029297 0.429688 0.031250 0.031250
0 0.048828 0.453125 0.031250 0.031250
0 0.083984 0.398438 0.031250 0.031250
0 0.046875 0.382812 0.031250 0.031250
0 0.166016 0.261719 0.031250 0.031250
0 0.349609 0.302734 0.031250 0.031250
0 0.390625 0.347656 0.031250 0.031250
0 0.236328 0.464844 0.031250 0.031250
0 0.267578 0.460938 0.031250 0.031250
0 0.304688 0.443359 0.031250 0.031250
0 0.173828 0.457031 0.031250 0.031250
0 0.220703 0.437500 0.031250 0.031250
0 0.087891 0.482422 0.031250 0.031250
0 0.132812 0.449219 0.031250 0.031250
0 0.156250 0.423828 0.031250 0.031250
0 0.191406 0.417969 0.031250 0.031250
0 0.181641 0.375000 0.031250 0.031250
0 0.166016 0.335938 0.031250 0.031250
0 0.111328 0.183594 0.031250 0.031250
0 0.125000 0.335938 0.031250 0.031250
0 0.130859 0.302734 0.031250 0.031250
0 0.050781 0.328125 0.031250 0.031250
0 0.095703 0.287109 0.031250 0.031250
0 0.103516 0.242188 0.031250 0.031250
0 0.123047 0.283203 0.031250 0.031250
0 0.222656 0.347656 0.031250 0.031250