0 0.185547 0.263672 0.031250 0.031250
0 0.236328 0.318359 0.031250 0.031250
0 0.234375 0.267578 0.031250 0.031250
0 0.248047 0.208984 0.031250 0.031250
0 0.271484 0.259766 0.031250 0.031250
0 0.271484 0.351562 0.031250 0.031250
0 0.333984 0.339844 0.031250 0.031250
0 0.376953 0.384766 0.031250 0.031250
0 0.332031 0.386719 0.031250 0.031250
0 0.351562 0.460938 0.031250 0.031250
0 0.482422 0.394531 0.031250 0.031250
0 0.365234 0.197266 0.031250 0.031250
0 0.476562 0.201172 0.031250 0.031250
0 0.412109 0.453125 0.031250 0.031250
0 0.439453 0.427734 0.031250 0.031250
0 0.398438 0.318359 0.031250 0.031250
0 0.365234 0.304688 0.031250 0.031250
0 0.316406 0.251953 0.031250 0.031250
0 0.291016 0.269531 0.031250 0.031250
0 0.054688 0.125000 0.031250 0.031250
0 0.042969 0.089844 0.031250 0.031250
0 0.070312 0.080078 0.031250 0.031250