0 0.214844 0.478516 0.031250 0.031250
0 0.224609 0.441406 0.031250 0.031250
0 0.486328 0.487305 0.027344 0.025391
0 0.462891 0.457031 0.031250 0.031250
0 0.404297 0.423828 0.031250 0.031250
0 0.382812 0.435547 0.031250 0.031250
0 0.435547 0.406250 0.031250 0.031250
0 0.453125 0.431641 0.031250 0.031250
0 0.388672 0.367188 0.031250 0.031250
0 0.419922 0.355469 0.031250 0.031250
0 0.382812 0.310547 0.031250 0.031250
0 0.480469 0.275391 0.031250 0.031250
0 0.458984 0.365234 0.031250 0.031250
0 0.478516 0.337891 0.031250 0.031250
0 0.460938 0.298828 0.031250 0.031250
0 0.353516 0.253906 0.031250 0.031250
0 0.365234 0.230469 0.031250 0.031250
0 0.453125 0.220703 0.031250 0.031250
0 0.419922 0.193359 0.031250 0.031250
0 0.464844 0.130859 0.031250 0.031250
0 0.376953 0.080078 0.031250 0.031250
0 0.425781 0.041016 0.031250 0.031250
0 0.491211 0.025391 0.017578 0.031250