7 0.601952 0.434378 0.006888 0.006552
7 0.605449 0.448042 0.007974 0.008173
7 0.726248 0.320807 0.007598 0.007220
7 0.603236 0.386826 0.007050 0.006940
7 0.732963 0.294721 0.008056 0.007853
7 0.672695 0.394976 0.007042 0.007476
7 0.707099 0.326939 0.007688 0.007998
7 0.725484 0.407212 0.007216 0.007747
7 0.719866 0.393110 0.006148 0.006198
7 0.721604 0.376250 0.006848 0.007221
7 0.701557 0.334171 0.007218 0.007452
7 0.549777 0.402175 0.006466 0.006735
7 0.706263 0.283832 0.007580 0.008153
7 0.688380 0.364303 0.007015 0.005349
7 0.681836 0.368847 0.007135 0.007756
7 0.594588 0.229510 0.008592 0.008265
7 0.847970 0.936164 0.008095 0.007973
7 0.213365 0.014381 0.007013 0.007388
7 0.317231 0.452595 0.007376 0.006853
7 0.386454 0.476039 0.007455 0.006810
7 0.457014 0.470321 0.006617 0.006727
7 0.450057 0.396107 0.007763 0.007065
7 0.349382 0.264986 0.006504 0.006624
7 0.437130 0.285468 0.007250 0.007708
7 0.423579 0.471576 0.007200 0.007315
7 0.382181 0.312528 0.006394 0.006422
7 0.403285 0.493369 0.007565 0.006716
7 0.486359 0.442829 0.006085 0.005878
7 0.356751 0.321422 0.006387 0.006661
7 0.375341 0.302214 0.006504 0.007028
7 0.483532 0.489549 0.006625 0.006187
7 0.397295 0.450051 0.005675 0.005383
7 0.366052 0.358612 0.005696 0.005686
7 0.353683 0.475354 0.006097 0.006194
7 0.418909 0.435813 0.007055 0.006568
7 0.294061 0.407944 0.007058 0.006817
7 0.459384 0.297289 0.007656 0.007435
7 0.373691 0.479286 0.006837 0.006329
7 0.443836 0.398796 0.006136 0.006164
7 0.433396 0.306908 0.006792 0.007150
7 0.299737 0.301561 0.005796 0.005805
7 0.408508 0.446720 0.006145 0.005630
7 0.393979 0.456020 0.005531 0.005641
7 0.401952 0.435481 0.006065 0.006081
7 0.398300 0.468755 0.007632 0.007052
7 0.464771 0.360913 0.006201 0.005824
7 0.399257 0.460144 0.006854 0.007067
7 0.402019 0.445821 0.005961 0.005731
7 0.745032 0.689121 0.006737 0.006597
7 0.567153 0.612212 0.006914 0.006713
7 0.672170 0.684848 0.007680 0.007901
7 0.708152 0.735324 0.007539 0.007389
7 0.716088 0.694111 0.005672 0.005441
7 0.624185 0.701858 0.005709 0.005464
7 0.746049 0.714842 0.007025 0.007006
7 0.723660 0.699507 0.006703 0.006571
7 0.429288 0.575746 0.008092 0.008090
7 0.419462 0.715702 0.007899 0.008005
7 0.474343 0.693200 0.006233 0.006496
7 0.407558 0.697623 0.007024 0.007389
7 0.473127 0.589005 0.007594 0.007325
7 0.465553 0.597892 0.006992 0.007188
7 0.410308 0.680300 0.006566 0.006426
7 0.418844 0.583881 0.008178 0.007526
7 0.392415 0.696735 0.007375 0.007729
7 0.480781 0.556040 0.007165 0.008367
7 0.310871 0.616447 0.007512 0.007483
7 0.413510 0.638947 0.006951 0.007230
7 0.437233 0.622122 0.006418 0.006812
7 0.826381 0.242824 0.006628 0.006604
7 0.851925 0.241749 0.007195 0.007043
7 0.768660 0.173054 0.006880 0.007212
7 0.683172 0.772345 0.007127 0.007299
7 0.674624 0.793486 0.007260 0.008020
7 0.680692 0.820225 0.007786 0.007713
7 0.670606 0.765830 0.006223 0.006802
7 0.703845 0.979715 0.008795 0.008426
7 0.726573 0.770679 0.007946 0.008446
7 0.515251 0.861772 0.007156 0.007239
7 0.142467 0.688396 0.007997 0.008250
7 0.765311 0.445730 0.008072 0.007898
7 0.825313 0.418873 0.008079 0.008322
7 0.775689 0.339195 0.006894 0.007252
7 0.806300 0.411901 0.007414 0.007083
7 0.844078 0.439771 0.006540 0.006639
7 0.777635 0.696650 0.007011 0.007565
7 0.838976 0.647541 0.007768 0.007196
7 0.848139 0.683409 0.006054 0.006081
7 0.755954 0.716925 0.006873 0.007166
7 0.817154 0.692522 0.007222 0.007283
7 0.770075 0.669591 0.007478 0.007441
7 0.823036 0.676957 0.006151 0.006152
7 0.843127 0.687363 0.006543 0.006989
7 0.865646 0.641556 0.007543 0.008190
7 0.774823 0.743266 0.007183 0.006502
7 0.793898 0.745389 0.007758 0.007674
7 0.490530 0.885886 0.008216 0.007822
7 0.325825 0.810828 0.007264 0.007311
7 0.382001 0.224743 0.007174 0.007189
7 0.421002 0.207101 0.007128 0.006865
7 0.325242 0.235458 0.007463 0.007820
7 0.268790 0.038426 0.007109 0.007120
7 0.441510 0.235934 0.005926 0.006260
7 0.145423 0.459116 0.009618 0.007557
7 0.135118 0.423047 0.009618 0.008244
7 0.094583 0.410681 0.008244 0.006870
7 0.122064 0.328238 0.008244 0.009618
7 0.135118 0.624345 0.009618 0.006870
7 0.082560 0.735300 0.011679 0.010305
7 0.285919 0.725338 0.007557 0.008244
7 0.390004 0.754880 0.010992 0.006870
7 0.941684 0.278772 0.006870 0.006870
7 0.901493 0.445719 0.008931 0.008244
7 0.889470 0.239268 0.013740 0.010305
7 0.844470 0.359154 0.011679 0.009618
7 0.840348 0.423390 0.011679 0.010305
7 0.800157 0.582437 0.009618 0.008244
7 0.825234 0.565948 0.011679 0.010992
7 0.774050 0.571101 0.013740 0.010305
7 0.580309 0.514421 0.010992 0.013740
7 0.640080 0.610948 0.012366 0.013053
7 0.825577 0.747322 0.010992 0.006870
7 0.828669 0.766559 0.010305 0.010992
7 0.973974 0.689956 0.013740 0.014428
7 0.156415 0.154077 0.015115 0.010305
7 0.061262 0.017016 0.013053 0.009618
7 0.034469 0.030756 0.011679 0.008244
7 0.604012 0.808468 0.013053 0.008244
7 0.641111 0.937628 0.014428 0.012366
7 0.550424 0.961674 0.011679 0.010992
7 0.758936 0.931445 0.013740 0.009618
7 0.901837 0.923201 0.013740 0.012366
7 0.710157 0.123848 0.015115 0.015802
7 0.497859 0.444995 0.008109 0.009166
7 0.403199 0.364260 0.007051 0.007756
7 0.438454 0.375013 0.007051 0.006698
7 0.471242 0.403570 0.008461 0.008109
7 0.395795 0.386471 0.009166 0.007756
7 0.715736 0.284760 0.009519 0.008109