7 0.539921 0.410181 0.006967 0.006685
7 0.735887 0.318099 0.006597 0.006410
7 0.537459 0.361272 0.007892 0.007416
7 0.549112 0.402915 0.006724 0.006250
7 0.529114 0.263643 0.006731 0.007496
7 0.546804 0.272900 0.007267 0.007786
7 0.676331 0.331210 0.006451 0.006510
7 0.615622 0.463755 0.006801 0.007341
7 0.707980 0.327375 0.006325 0.006534
7 0.527984 0.243573 0.006818 0.007097
7 0.519383 0.247018 0.006674 0.005814
7 0.760481 0.812066 0.006769 0.006959
7 0.765793 0.755503 0.007145 0.006382
7 0.857520 0.849668 0.007341 0.007554
7 0.885023 0.860526 0.008075 0.008280
7 0.810073 0.885943 0.007559 0.007539
7 0.795323 0.879435 0.008222 0.008038
7 0.452148 0.478457 0.007994 0.007645
7 0.393274 0.396162 0.006763 0.006457
7 0.394963 0.458308 0.006139 0.006352
7 0.361057 0.320370 0.007038 0.007317
7 0.434037 0.468349 0.007237 0.006544
7 0.388799 0.363071 0.006488 0.006690
7 0.367415 0.278526 0.007066 0.006127
7 0.405003 0.459346 0.006181 0.006816
7 0.417294 0.399404 0.007738 0.006793
7 0.410382 0.445783 0.006300 0.006747
7 0.412396 0.454458 0.007061 0.007532
7 0.366839 0.483817 0.007146 0.006094
7 0.471645 0.405145 0.006423 0.006908
7 0.463881 0.467927 0.006278 0.006291
7 0.403392 0.369515 0.006484 0.006608
7 0.427447 0.491218 0.006584 0.006074
7 0.448854 0.414465 0.006203 0.006328
7 0.343581 0.482171 0.005897 0.005781
7 0.423710 0.390381 0.006415 0.006097
7 0.396009 0.443350 0.007190 0.006940
7 0.389644 0.469587 0.006806 0.006716
7 0.434069 0.308066 0.005400 0.005178
7 0.474218 0.486231 0.006966 0.005881
7 0.384461 0.297842 0.006973 0.007465
7 0.487986 0.442868 0.006030 0.005727
7 0.340563 0.429903 0.006768 0.007342
7 0.429427 0.297686 0.007104 0.007801
7 0.366067 0.358548 0.005826 0.005920
7 0.395821 0.470081 0.006263 0.005934
7 0.294189 0.407917 0.006281 0.006972
7 0.422253 0.472568 0.006833 0.006447
7 0.419971 0.254247 0.006761 0.007169
7 0.330284 0.298566 0.006250 0.006339
7 0.376646 0.330472 0.006281 0.006308
7 0.299535 0.301986 0.006019 0.005848
7 0.415678 0.435450 0.005523 0.006140
7 0.362035 0.280414 0.006657 0.006573
7 0.680678 0.511092 0.007822 0.007409
7 0.675933 0.697975 0.006790 0.007527
7 0.645621 0.623911 0.005851 0.006554
7 0.671996 0.684068 0.006834 0.007021
7 0.724588 0.661401 0.006297 0.006276
7 0.729321 0.649137 0.007254 0.006578
7 0.708434 0.735170 0.006750 0.006728
7 0.725090 0.726267 0.007327 0.007336
7 0.557374 0.538693 0.007500 0.007836
7 0.740043 0.697279 0.006777 0.007044
7 0.736594 0.685041 0.005673 0.006408
7 0.714375 0.723280 0.006528 0.006435
7 0.348110 0.568221 0.008056 0.007280
7 0.470536 0.738562 0.007051 0.007278
7 0.280670 0.516825 0.006921 0.007318
7 0.365097 0.585784 0.006625 0.006300
7 0.463775 0.722138 0.007315 0.007302
7 0.467023 0.598471 0.006845 0.006761
7 0.441173 0.629163 0.006806 0.007032
7 0.421508 0.612622 0.007081 0.006882
7 0.325686 0.746467 0.007666 0.007009
7 0.374015 0.572555 0.007197 0.007482
7 0.480364 0.557704 0.007409 0.012052
7 0.407377 0.697674 0.006478 0.006920
7 0.894077 0.243914 0.006396 0.006293
7 0.722275 0.756803 0.007589 0.008157
7 0.620840 0.770313 0.006637 0.006411
7 0.142144 0.688451 0.007624 0.008460
7 0.778384 0.406677 0.007229 0.007387
7 0.846229 0.361771 0.006434 0.006551
7 0.776824 0.486067 0.007823 0.007646
7 0.806289 0.459715 0.007144 0.006785
7 0.795553 0.352843 0.006411 0.006826
7 0.756080 0.485721 0.007651 0.008005
7 0.775547 0.743431 0.007285 0.006822
7 0.788901 0.705754 0.007727 0.008409
7 0.770676 0.669450 0.007289 0.007279
7 0.974739 0.691980 0.007585 0.007704
7 0.801521 0.585184 0.008202 0.007701
7 0.823332 0.676691 0.006225 0.006104
7 0.259195 0.880625 0.007209 0.007036
7 0.436177 0.923482 0.006791 0.006832
7 0.440024 0.198149 0.008084 0.007853
7 0.408347 0.210241 0.008303 0.008165
7 0.408402 0.009841 0.008325 0.008301
7 0.390151 0.125286 0.006959 0.006880
7 0.268370 0.019028 0.006967 0.007158
7 0.123779 0.329102 0.010254 0.008789
7 0.055176 0.337646 0.007813 0.010254
7 0.197998 0.373047 0.011230 0.009766
7 0.218750 0.377197 0.009766 0.011230
7 0.094238 0.413574 0.011719 0.011719
7 0.075928 0.403076 0.011230 0.008301
7 0.233398 0.272217 0.010742 0.010254
7 0.350098 0.266113 0.008789 0.006836
7 0.323975 0.236572 0.011230 0.008301
7 0.663086 0.825684 0.010742 0.009766
7 0.680176 0.818359 0.010742 0.009766
7 0.894122 0.341420 0.007368 0.009377
7 0.830826 0.220522 0.013396 0.012726
7 0.597067 0.233248 0.012056 0.011387
7 0.673424 0.256021 0.012056 0.012726
7 0.678113 0.422466 0.012056 0.012056
7 0.694523 0.511214 0.010047 0.012726
7 0.715286 0.496478 0.011387 0.012726
7 0.748776 0.564797 0.010047 0.008707
7 0.821784 0.546713 0.011387 0.014066
7 0.342545 0.649527 0.013396 0.010717
7 0.327810 0.630437 0.013396 0.012726
7 0.569271 0.535326 0.011387 0.012726
7 0.535111 0.676318 0.014066 0.012056
7 0.632232 0.747317 0.012726 0.013396
7 0.622520 0.736935 0.012056 0.011387
7 0.572955 0.734926 0.013396 0.012726
7 0.853934 0.685696 0.010047 0.010717
7 0.827142 0.749326 0.015405 0.010717
7 0.761502 0.720525 0.014066 0.013396
7 0.747437 0.587570 0.012726 0.008707
7 0.813746 0.616037 0.015405 0.014736
7 0.540135 0.533652 0.012056 0.014736
7 0.515352 0.567142 0.013396 0.012056