7 0.721906 0.409530 0.006981 0.007178
7 0.525686 0.390209 0.006471 0.006603
7 0.736897 0.453126 0.008119 0.007249
7 0.616650 0.402333 0.006509 0.006500
7 0.726835 0.334913 0.006933 0.006920
7 0.738185 0.348375 0.006438 0.007259
7 0.618963 0.457014 0.007793 0.008083
7 0.642685 0.420365 0.007136 0.007392
7 0.727471 0.464375 0.008101 0.008116
7 0.735055 0.420312 0.006505 0.007478
7 0.602306 0.473060 0.006450 0.006000
7 0.538514 0.329152 0.005852 0.005781
7 0.705968 0.344663 0.007614 0.007771
7 0.708484 0.268016 0.006881 0.006645
7 0.527564 0.278634 0.006174 0.005887
7 0.745386 0.384117 0.008244 0.007121
7 0.743762 0.364256 0.007192 0.007419
7 0.540330 0.204384 0.006980 0.006732
7 0.521389 0.193378 0.006579 0.005972
7 0.588380 0.242514 0.007137 0.008229
7 0.660807 0.137848 0.007965 0.007326
7 0.709629 0.100686 0.007874 0.008013
7 0.563272 0.225287 0.007566 0.007021
7 0.929171 0.813420 0.007509 0.007810
7 0.922655 0.911982 0.006936 0.006856
7 0.927952 0.767005 0.006620 0.006851
7 0.463914 0.389407 0.006576 0.006446
7 0.380536 0.361660 0.007323 0.007439
7 0.464908 0.313943 0.007199 0.006569
7 0.455864 0.484352 0.006968 0.006886
7 0.439703 0.317528 0.006132 0.006688
7 0.480413 0.484859 0.007003 0.006804
7 0.274959 0.417162 0.006644 0.006607
7 0.383664 0.404589 0.006949 0.007118
7 0.413733 0.480268 0.007594 0.006881
7 0.453824 0.311588 0.007259 0.006355
7 0.267700 0.423295 0.006755 0.007852
7 0.403417 0.448129 0.006280 0.006043
7 0.422980 0.475141 0.008041 0.007184
7 0.388056 0.469234 0.005522 0.005616
7 0.360202 0.344357 0.006624 0.006420
7 0.475181 0.438914 0.006073 0.005926
7 0.353594 0.259797 0.007067 0.007175
7 0.392407 0.474508 0.006514 0.006065
7 0.375316 0.269865 0.007025 0.006802
7 0.451700 0.474973 0.006453 0.005511
7 0.440878 0.327395 0.005597 0.005531
7 0.482742 0.296431 0.004970 0.005267
7 0.402585 0.396994 0.005961 0.005718
7 0.336173 0.310152 0.007004 0.007010
7 0.411536 0.490257 0.007687 0.006639
7 0.475506 0.358101 0.006846 0.007528
7 0.382268 0.346834 0.005700 0.006102
7 0.398671 0.460117 0.006279 0.007017
7 0.442411 0.496890 0.006425 0.005929
7 0.394984 0.464013 0.005536 0.005429
7 0.673219 0.690202 0.006465 0.006525
7 0.525393 0.653666 0.006850 0.006992
7 0.743817 0.662879 0.007168 0.007256
7 0.715970 0.742853 0.005776 0.006045
7 0.744374 0.585237 0.007366 0.007520
7 0.695706 0.702076 0.006259 0.005734
7 0.684454 0.520828 0.008120 0.008203
7 0.648142 0.629238 0.007022 0.007836
7 0.652890 0.582664 0.007263 0.007322
7 0.675286 0.532123 0.009956 0.007783
7 0.566831 0.696031 0.007346 0.008166
7 0.505673 0.578061 0.007547 0.007016
7 0.414849 0.579613 0.007335 0.006792
7 0.483573 0.593838 0.007118 0.007014
7 0.463781 0.583609 0.007371 0.006685
7 0.312798 0.521217 0.007105 0.006923
7 0.320307 0.515017 0.007295 0.006951
7 0.479252 0.574435 0.006641 0.006411
7 0.404340 0.503999 0.007855 0.007632
7 0.455536 0.583173 0.007232 0.006528
7 0.463314 0.610121 0.006790 0.007466
7 0.414816 0.709769 0.005555 0.005439
7 0.425558 0.508460 0.011273 0.008891
7 0.475479 0.599855 0.005125 0.005179
7 0.428373 0.654494 0.007138 0.006812
7 0.461781 0.718275 0.006351 0.006577
7 0.437845 0.725954 0.007092 0.007625
7 0.419190 0.714572 0.006567 0.006842
7 0.808571 0.212012 0.006221 0.006684
7 0.883372 0.224908 0.006110 0.006098
7 0.504490 0.883530 0.007876 0.007530
7 0.588725 0.800769 0.007677 0.008039
7 0.624022 0.762721 0.006752 0.007151
7 0.653313 0.924982 0.007220 0.007986
7 0.681312 0.774455 0.006158 0.006693
7 0.241968 0.629683 0.007090 0.007867
7 0.764831 0.482979 0.007540 0.007547
7 0.758913 0.448553 0.007043 0.007184
7 0.812960 0.356553 0.006493 0.006176
7 0.767195 0.327146 0.008049 0.008023
7 0.755684 0.385191 0.007973 0.008317
7 0.828356 0.299978 0.007226 0.007483
7 0.797261 0.349538 0.007631 0.007329
7 0.813069 0.362053 0.006696 0.006569
7 0.833805 0.634740 0.007587 0.007704
7 0.849778 0.673324 0.008351 0.008152
7 0.816559 0.655919 0.006948 0.007780
7 0.791264 0.742320 0.007969 0.008063
7 0.926449 0.579049 0.006841 0.006941
7 0.796827 0.616200 0.007913 0.007977
7 0.779370 0.738535 0.006262 0.006396
7 0.829575 0.718293 0.008046 0.008237
7 0.497379 0.825445 0.005242 0.007169
7 0.389806 0.199603 0.006822 0.006463
7 0.482108 0.240789 0.006842 0.006889
7 0.168702 0.432017 0.006989 0.007414
7 0.070557 0.145752 0.009277 0.008301
7 0.066162 0.267090 0.012207 0.009766
7 0.230225 0.029541 0.011230 0.012207
7 0.266357 0.051270 0.009277 0.008789
7 0.275879 0.038818 0.009766 0.010254
7 0.847900 0.430664 0.009277 0.010742
7 0.748535 0.501953 0.009766 0.008789
7 0.722900 0.495850 0.008301 0.006348
7 0.849609 0.194824 0.008789 0.007813
7 0.184326 0.126709 0.010254 0.012207
7 0.100098 0.072754 0.012695 0.010742
7 0.292725 0.156494 0.008301 0.009277
7 0.903320 0.180176 0.011719 0.011719
7 0.866699 0.516846 0.007813 0.012207
7 0.875000 0.657715 0.011719 0.009766
7 0.516113 0.849854 0.014648 0.011230
7 0.358398 0.737305 0.007813 0.007813
7 0.217972 0.695834 0.017415 0.016075
7 0.134918 0.701192 0.016075 0.013396
7 0.081334 0.656316 0.016075 0.012056
7 0.081334 0.497239 0.013396 0.012726
7 0.146304 0.795298 0.013396 0.011387
7 0.202902 0.773195 0.011387 0.008707
7 0.732935 0.797383 0.008593 0.010655
7 0.625182 0.808209 0.009624 0.009624
7 0.608340 0.811303 0.009624 0.008936
7 0.579984 0.807866 0.008593 0.011686
7 0.706470 0.804772 0.009968 0.008936
7 0.727951 0.730874 0.009624 0.010999
7 0.751839 0.767136 0.009968 0.007218
7 0.725717 0.779510 0.009280 0.011342
7 0.364405 0.319323 0.007872 0.009661
7 0.408952 0.461731 0.008945 0.008230
7 0.414140 0.449745 0.008587 0.007872