7 0.510195 0.323999 0.007115 0.007199
7 0.595835 0.254685 0.007286 0.007551
7 0.546305 0.412494 0.006437 0.006145
7 0.734809 0.359800 0.006764 0.006986
7 0.711655 0.463409 0.008098 0.008048
7 0.602906 0.472930 0.007247 0.006952
7 0.539381 0.277361 0.007835 0.007642
7 0.541700 0.291607 0.007356 0.007733
7 0.666236 0.404901 0.006792 0.007389
7 0.525477 0.390470 0.006091 0.006296
7 0.660493 0.417141 0.007527 0.008670
7 0.668666 0.337983 0.006704 0.006878
7 0.602315 0.244182 0.006801 0.006716
7 0.545833 0.216887 0.007737 0.007067
7 0.857641 0.935711 0.007808 0.007308
7 0.213866 0.054846 0.007841 0.007829
7 0.413210 0.287415 0.006932 0.007124
7 0.425808 0.309586 0.007168 0.007184
7 0.295536 0.416344 0.007672 0.006871
7 0.411421 0.446586 0.006403 0.006503
7 0.473820 0.424113 0.006994 0.007598
7 0.435335 0.452667 0.006062 0.006129
7 0.345804 0.444503 0.007498 0.006655
7 0.377455 0.398521 0.008042 0.007773
7 0.471089 0.472923 0.007266 0.007454
7 0.388474 0.482067 0.007626 0.007223
7 0.454383 0.493073 0.007778 0.007508
7 0.402928 0.397252 0.007639 0.007503
7 0.337585 0.486083 0.006326 0.006120
7 0.357991 0.275816 0.007469 0.007263
7 0.450860 0.422542 0.006097 0.006299
7 0.399775 0.470804 0.007137 0.006168
7 0.443645 0.335149 0.007288 0.007946
7 0.365364 0.316699 0.007726 0.007185
7 0.394892 0.451086 0.006076 0.006775
7 0.317248 0.447529 0.005998 0.006268
7 0.396957 0.460963 0.007597 0.007021
7 0.388505 0.462027 0.007701 0.008749
7 0.403794 0.491023 0.007358 0.007161
7 0.356712 0.482357 0.007026 0.006950
7 0.371809 0.491173 0.006700 0.006735
7 0.365133 0.307370 0.006675 0.006659
7 0.398127 0.479106 0.007507 0.006820
7 0.440882 0.326404 0.006873 0.007149
7 0.365860 0.283694 0.006260 0.006255
7 0.280485 0.468263 0.006264 0.006399
7 0.380321 0.496976 0.006458 0.005766
7 0.475411 0.357978 0.006771 0.007030
7 0.695615 0.725381 0.007447 0.006717
7 0.733211 0.668561 0.006363 0.006635
7 0.525128 0.661768 0.006086 0.006432
7 0.677544 0.629778 0.007168 0.007798
7 0.702322 0.511488 0.007778 0.007760
7 0.516864 0.574935 0.007860 0.007127
7 0.665551 0.675275 0.006323 0.006699
7 0.741609 0.665753 0.006382 0.006748
7 0.696449 0.689255 0.005716 0.005866
7 0.582686 0.632579 0.005828 0.005633
7 0.697779 0.663095 0.007024 0.007584
7 0.716072 0.742920 0.005169 0.005376
7 0.514625 0.556972 0.007502 0.007407
7 0.695461 0.701894 0.005491 0.005628
7 0.389095 0.566211 0.007238 0.007041
7 0.454776 0.719066 0.008144 0.007903
7 0.426421 0.719669 0.007825 0.008101
7 0.407757 0.721241 0.006907 0.006604
7 0.424242 0.505737 0.006644 0.006104
7 0.453444 0.624888 0.007118 0.007299
7 0.472992 0.698181 0.006231 0.006325
7 0.476631 0.563050 0.006169 0.006409
7 0.415388 0.710165 0.006586 0.006618
7 0.296283 0.507214 0.007518 0.007898
7 0.484535 0.595309 0.007181 0.006838
7 0.403504 0.504220 0.006916 0.007082
7 0.346340 0.560298 0.006484 0.006270
7 0.475585 0.601058 0.005861 0.005968
7 0.356768 0.507739 0.007357 0.007387
7 0.484359 0.604662 0.007666 0.007429
7 0.367921 0.506248 0.006626 0.006265
7 0.380524 0.594978 0.007158 0.007987
7 0.373106 0.630672 0.005853 0.005511
7 0.420704 0.667743 0.008538 0.007951
7 0.669982 0.820615 0.008084 0.007970
7 0.707341 0.803541 0.007659 0.007690
7 0.635350 0.779567 0.005574 0.005469
7 0.685008 0.793202 0.006360 0.006280
7 0.683217 0.841426 0.006864 0.006851
7 0.544477 0.780445 0.006746 0.007616
7 0.709070 0.837173 0.007736 0.008033
7 0.690891 0.786108 0.007111 0.007909
7 0.575233 0.814822 0.007683 0.007630
7 0.724584 0.782114 0.007833 0.009563
7 0.676542 0.830593 0.007829 0.007264
7 0.623956 0.761243 0.007197 0.007529
7 0.006846 0.535818 0.006369 0.007077
7 0.758092 0.326873 0.007916 0.008189
7 0.793635 0.654752 0.007262 0.007293
7 0.766109 0.737054 0.008166 0.007642
7 0.789773 0.742310 0.006589 0.007011
7 0.791974 0.570407 0.009197 0.008289
7 0.800815 0.562010 0.006691 0.006911
7 0.926799 0.579246 0.006226 0.005827
7 0.463757 0.239376 0.005780 0.006767
7 0.496005 0.227819 0.006708 0.005766
7 0.326895 0.161955 0.006651 0.006373
7 0.217773 0.696045 0.009766 0.009277
7 0.355957 0.775635 0.015625 0.012207
7 0.094971 0.768066 0.013184 0.009766
7 0.077881 0.788086 0.013184 0.009766
7 0.361328 0.345947 0.012695 0.009277
7 0.338867 0.324219 0.011719 0.009766
7 0.380127 0.308838 0.012207 0.009277
7 0.280273 0.348389 0.011719 0.010254
7 0.292725 0.369629 0.014160 0.009766
7 0.811768 0.354736 0.012207 0.013184
7 0.886963 0.356445 0.011230 0.009766
7 0.845459 0.408203 0.011230 0.010742
7 0.831055 0.625244 0.010742 0.010254
7 0.808350 0.694336 0.010254 0.008789
7 0.759033 0.458008 0.010254 0.007813
7 0.951904 0.254150 0.011230 0.009277
7 0.839111 0.273926 0.011230 0.008789
7 0.915283 0.313721 0.010254 0.010254
7 0.978271 0.458496 0.010254 0.011719
7 0.916748 0.421631 0.007324 0.010254
7 0.937256 0.431152 0.010254 0.009766
7 0.064652 0.267724 0.011907 0.013396
7 0.136841 0.285957 0.011907 0.011163
7 0.021115 0.237955 0.014140 0.010419