1 0.082031 0.576172 0.062500 0.062500
0 0.181641 0.781250 0.062500 0.062500
1 0.191406 0.699219 0.062500 0.062500
1 0.218750 0.541016 0.062500 0.062500
2 0.224609 0.777344 0.062500 0.062500
2 0.328125 0.677734 0.062500 0.062500
1 0.333984 0.810547 0.062500 0.062500
1 0.335938 0.652344 0.062500 0.062500
1 0.361328 0.335938 0.062500 0.062500
1 0.380859 0.550781 0.062500 0.062500
3 0.382812 0.439453 0.062500 0.062500
0 0.480469 0.904297 0.062500 0.062500
3 0.490234 0.845703 0.062500 0.062500
1 0.503906 0.977539 0.062500 0.044922
1 0.517578 0.917969 0.062500 0.062500
0 0.554688 0.042969 0.062500 0.062500
1 0.603516 0.171875 0.062500 0.062500
0 0.636719 0.658203 0.062500 0.062500
0 0.763672 0.222656 0.062500 0.062500
1 0.771484 0.150391 0.062500 0.062500
2 0.775391 0.736328 0.062500 0.062500
0 0.787109 0.552734 0.062500 0.062500
2 0.796875 0.501953 0.062500 0.062500
0 0.826172 0.089844 0.062500 0.062500
1 0.833984 0.218750 0.062500 0.062500
2 0.882812 0.656250 0.062500 0.062500
