2 0.026367 0.119141 0.052734 0.062500
2 0.087891 0.693359 0.062500 0.062500
1 0.121094 0.169922 0.062500 0.062500
1 0.125000 0.228516 0.062500 0.062500
1 0.138672 0.472656 0.062500 0.062500
2 0.156250 0.753906 0.062500 0.062500
2 0.289062 0.757812 0.062500 0.062500
0 0.337891 0.117188 0.062500 0.062500
0 0.445312 0.339844 0.062500 0.062500
2 0.478516 0.271484 0.062500 0.062500
1 0.484375 0.900391 0.062500 0.062500
1 0.539062 0.181641 0.062500 0.062500
2 0.564453 0.242188 0.062500 0.062500
2 0.623047 0.630859 0.062500 0.062500
1 0.630859 0.095703 0.062500 0.062500
0 0.652344 0.458984 0.062500 0.062500
1 0.689453 0.302734 0.062500 0.062500
2 0.728516 0.332031 0.062500 0.062500
1 0.742188 0.128906 0.062500 0.062500
2 0.748047 0.183594 0.062500 0.062500
1 0.751953 0.626953 0.062500 0.062500
1 0.796875 0.445312 0.062500 0.062500
0 0.880859 0.732422 0.062500 0.062500
1 0.884766 0.156250 0.062500 0.062500
2 0.904297 0.748047 0.062500 0.062500
1 0.916016 0.650391 0.062500 0.062500
1 0.929688 0.585938 0.062500 0.062500
2 0.978516 0.078125 0.042969 0.062500
