2 0.048828 0.160156 0.062500 0.062500
1 0.169922 0.363281 0.062500 0.062500
2 0.222656 0.517578 0.062500 0.062500
0 0.259766 0.128906 0.062500 0.062500
1 0.271484 0.943359 0.062500 0.062500
2 0.318359 0.960938 0.062500 0.062500
1 0.324219 0.474609 0.062500 0.062500
2 0.359375 0.326172 0.062500 0.062500
0 0.404297 0.740234 0.062500 0.062500
2 0.417969 0.429688 0.062500 0.062500
2 0.458984 0.947266 0.062500 0.062500
1 0.464844 0.660156 0.062500 0.062500
1 0.501953 0.046875 0.062500 0.062500
2 0.519531 0.244141 0.062500 0.062500
0 0.583984 0.320312 0.062500 0.062500
2 0.589844 0.683594 0.062500 0.062500
0 0.634766 0.527344 0.062500 0.062500
2 0.707031 0.373047 0.062500 0.062500
2 0.775391 0.673828 0.062500 0.062500
0 0.779297 0.607422 0.062500 0.062500
1 0.845703 0.111328 0.062500 0.062500
2 0.849609 0.568359 0.062500 0.062500
2 0.853516 0.945312 0.062500 0.062500
1 0.857422 0.457031 0.062500 0.062500
1 0.876953 0.759766 0.062500 0.062500
0 0.886719 0.664062 0.062500 0.062500
1 0.923828 0.953125 0.062500 0.062500
1 0.929688 0.748047 0.062500 0.062500
0 0.933594 0.628906 0.062500 0.062500
1 0.966797 0.558594 0.062500 0.062500
2 0.969727 0.634766 0.060547 0.062500
1 0.982422 0.406250 0.035156 0.062500
