2 0.056641 0.416016 0.062500 0.062500
0 0.095703 0.492188 0.062500 0.062500
3 0.119141 0.359375 0.062500 0.062500
1 0.185547 0.646484 0.062500 0.062500
1 0.189453 0.039062 0.062500 0.062500
1 0.269531 0.287109 0.062500 0.062500
0 0.412109 0.132812 0.062500 0.062500
4 0.605469 0.619141 0.062500 0.062500
0 0.669922 0.337891 0.062500 0.062500
2 0.873047 0.062500 0.062500 0.062500
0 0.880859 0.302734 0.062500 0.062500
1 0.931641 0.169922 0.062500 0.062500
1 0.945312 0.277344 0.062500 0.062500
1 0.966797 0.306641 0.062500 0.062500
