2 0.029297 0.169922 0.058594 0.062500
4 0.035156 0.511719 0.062500 0.062500
1 0.152344 0.123047 0.062500 0.062500
5 0.298828 0.792969 0.062500 0.062500
1 0.324219 0.220703 0.062500 0.062500
1 0.384766 0.654297 0.062500 0.062500
5 0.466797 0.835938 0.062500 0.062500
5 0.468750 0.279297 0.062500 0.062500
5 0.517578 0.330078 0.062500 0.062500
2 0.554688 0.022461 0.062500 0.044922
1 0.580078 0.228516 0.062500 0.062500
0 0.599609 0.923828 0.062500 0.062500
1 0.656250 0.078125 0.062500 0.062500
2 0.730469 0.150391 0.062500 0.062500
1 0.755859 0.134766 0.062500 0.062500
2 0.777344 0.099609 0.062500 0.062500
2 0.816406 0.521484 0.062500 0.062500
0 0.833984 0.082031 0.062500 0.062500
1 0.851562 0.191406 0.062500 0.062500
1 0.863281 0.316406 0.062500 0.062500
